000000100000000001
001000110000000001
010001000000000001
011001010011000111
100010000000000000
000111110000000000
000111110000000000
000111110000000000
000111110000000000
000111110000000000
000111110000000000
000111110000000000
000111110000000000
000111110000000000
000111110000000000
000111110000000000
000111110000000000
000111110000000000
000111110000000000
000111110000000000
000111110000000000
000111110000000000
000111110000000000
000111110000000000
000111110000000000
000111110000000000
000111110000000000
000111110000000000
000111110000000000
000111110000000000
000111110000000000
000111110000000000